0 0 0 0 0 0 0 0 0 0 0 0 0 0 0 0 0 0 0 0 0 0 0 0 0 0 0 0 0 0 0 0 0 0 0 0 0 0 0 0 0
0 0.006155829702 0.01227370667 0.01831591215 0.02424519394 0.03002499605 0.03561968408 0.04099476491 0.04611709938 0.05095510659 0.05547895863 0.05966076445 0.06347474181 0.06689737628 0.06990756618 0.07248675268 0.07461903425 0.07629126467 0.07749313406 0.07821723252 0.07845909573 0.07821723252 0.07749313406 0.07629126467 0.07461903425 0.07248675268 0.06990756618 0.06689737628 0.06347474181 0.05966076445 0.05547895863 0.05095510659 0.04611709938 0.04099476491 0.03561968408 0.03002499605 0.02424519394 0.01831591215 0.01227370667 0.006155829702 9.608150714e-18
0 0.01227370667 0.02447174185 0.03651890061 0.0483409082 0.05986487802 0.07101976096 0.08173678346 0.0919498715 0.101596058 0.110615871 0.1189537004 0.1265581407 0.133382308 0.139384129 0.1445266004 0.1487780173 0.1521121683 0.1545084972 0.1559522298 0.156434465 0.1559522298 0.1545084972 0.1521121683 0.1487780173 0.1445266004 0.139384129 0.133382308 0.1265581407 0.1189537004 0.110615871 0.101596058 0.0919498715 0.08173678346 0.07101976096 0.05986487802 0.0483409082 0.03651890061 0.02447174185 0.01227370667 1.915706398e-17
0 0.01831591215 0.03651890061 0.05449673791 0.07213858469 0.08933567311 0.1059819774 0.1219748676 0.1372157421 0.1516106359 0.1650707998 0.1775132473 0.1888612666 0.1990448934 0.2080013422 0.2156753936 0.2220197345 0.2269952499 0.230571264 0.2327257297 0.2334453639 0.2327257297 0.230571264 0.2269952499 0.2220197345 0.2156753936 0.2080013422 0.1990448934 0.1888612666 0.1775132473 0.1650707998 0.1516106359 0.1372157421 0.1219748676 0.1059819774 0.08933567311 0.07213858469 0.05449673791 0.03651890061 0.01831591215 2.858786758e-17
0 0.02424519394 0.0483409082 0.07213858469 0.09549150281 0.1182556841 0.1402907797 0.161460936 0.181635632 0.2006904839 0.2185080122 0.234978366 0.25 0.2634803009 0.2753361581 0.2854944763 0.2938926261 0.3004788302 0.3052124824 0.3080643981 0.3090169944 0.3080643981 0.3052124824 0.3004788302 0.2938926261 0.2854944763 0.2753361581 0.2634803009 0.25 0.234978366 0.2185080122 0.2006904839 0.181635632 0.161460936 0.1402907797 0.1182556841 0.09549150281 0.07213858469 0.0483409082 0.02424519394 3.784241748e-17
0 0.03002499605 0.05986487802 0.08933567311 0.1182556841 0.1464466094 0.1737346427 0.1999515442 0.2249356778 0.2485330083 0.2705980501 0.2909947649 0.3095974002 0.3262912647 0.3409734349 0.3535533906 0.363953572 0.3721098587 0.3779719643 0.3815037471 0.3826834324 0.3815037471 0.3779719643 0.3721098587 0.363953572 0.3535533906 0.3409734349 0.3262912647 0.3095974002 0.2909947649 0.2705980501 0.2485330083 0.2249356778 0.1999515442 0.1737346427 0.1464466094 0.1182556841 0.08933567311 0.05986487802 0.03002499605 4.686365628e-17
0 0.03561968408 0.07101976096 0.1059819774 0.1402907797 0.1737346427 0.2061073739 0.2372093845 0.2668489204 0.294843244 0.321019761 0.3452170843 0.3672860296 0.3870905343 0.4045084972 0.4194325307 0.4317706231 0.4414467061 0.4484011233 0.4525909985 0.4539904997 0.4525909985 0.4484011233 0.4414467061 0.4317706231 0.4194325307 0.4045084972 0.3870905343 0.3672860296 0.3452170843 0.321019761 0.294843244 0.2668489204 0.2372093845 0.2061073739 0.1737346427 0.1402907797 0.1059819774 0.07101976096 0.03561968408 5.559596506e-17
0 0.04099476491 0.08173678346 0.1219748676 0.161460936 0.1999515442 0.2372093845 0.2730047501 0.3071169507 0.3393356731 0.3694622783 0.3973110256 0.4227102184 0.4455032621 0.46554963 0.4827257297 0.4969256647 0.5080618878 0.5160657403 0.520887876 0.5224985647 0.520887876 0.5160657403 0.5080618878 0.4969256647 0.4827257297 0.46554963 0.4455032621 0.4227102184 0.3973110256 0.3694622783 0.3393356731 0.3071169507 0.2730047501 0.2372093845 0.1999515442 0.161460936 0.1219748676 0.08173678346 0.04099476491 6.398550622e-17
0 0.04611709938 0.0919498715 0.1372157421 0.181635632 0.2249356778 0.2668489204 0.3071169507 0.3454915028 0.3817359849 0.4156269378 0.4469554123 0.4755282581 0.5011693141 0.5237204946 0.5430427641 0.5590169944 0.571544699 0.5805486405 0.5859733065 0.5877852523 0.5859733065 0.5805486405 0.571544699 0.5590169944 0.5430427641 0.5237204946 0.5011693141 0.4755282581 0.4469554123 0.4156269378 0.3817359849 0.3454915028 0.3071169507 0.2668489204 0.2249356778 0.181635632 0.1372157421 0.0919498715 0.04611709938 7.198055546e-17
0 0.05095510659 0.101596058 0.1516106359 0.2006904839 0.2485330083 0.294843244 0.3393356731 0.3817359849 0.4217827675 0.459229119 0.4938441703 0.5254145081 0.5537454907 0.5786624482 0.6000117593 0.6176617984 0.6315037471 0.6414522652 0.6474460167 0.6494480483 0.6474460167 0.6414522652 0.6315037471 0.6176617984 0.6000117593 0.5786624482 0.5537454907 0.5254145081 0.4938441703 0.459229119 0.4217827675 0.3817359849 0.3393356731 0.294843244 0.2485330083 0.2006904839 0.1516106359 0.101596058 0.05095510659 7.953182065e-17
0 0.05547895863 0.110615871 0.1650707998 0.2185080122 0.2705980501 0.321019761 0.3694622783 0.4156269378 0.459229119 0.5 0.5376882147 0.5720614028 0.6029076421 0.6300367553 0.6532814824 0.672498512 0.6875693645 0.6984011233 0.704927007 0.7071067812 0.704927007 0.6984011233 0.6875693645 0.672498512 0.6532814824 0.6300367553 0.6029076421 0.5720614028 0.5376882147 0.5 0.459229119 0.4156269378 0.3694622783 0.321019761 0.2705980501 0.2185080122 0.1650707998 0.110615871 0.05547895863 8.659274571e-17
0 0.05966076445 0.1189537004 0.1775132473 0.234978366 0.2909947649 0.3452170843 0.3973110256 0.4469554123 0.4938441703 0.5376882147 0.5782172325 0.6151813488 0.6483526675 0.6775266764 0.702523508 0.7231890486 0.7393958882 0.7510441063 0.7580618878 0.7604059656 0.7580618878 0.7510441063 0.7393958882 0.7231890486 0.702523508 0.6775266764 0.6483526675 0.6151813488 0.5782172325 0.5376882147 0.4938441703 0.4469554123 0.3973110256 0.3452170843 0.2909947649 0.234978366 0.1775132473 0.1189537004 0.05966076445 9.31197977e-17
0 0.06347474181 0.1265581407 0.1888612666 0.25 0.3095974002 0.3672860296 0.4227102184 0.4755282581 0.5254145081 0.5720614028 0.6151813488 0.6545084972 0.689800383 0.7208394202 0.7474342426 0.7694208843 0.7866637904 0.7990566527 0.806523065 0.8090169944 0.806523065 0.7990566527 0.7866637904 0.7694208843 0.7474342426 0.7208394202 0.689800383 0.6545084972 0.6151813488 0.5720614028 0.5254145081 0.4755282581 0.4227102184 0.3672860296 0.3095974002 0.25 0.1888612666 0.1265581407 0.06347474181 9.907273517e-17
0 0.06689737628 0.133382308 0.1990448934 0.2634803009 0.3262912647 0.3870905343 0.4455032621 0.5011693141 0.5537454907 0.6029076421 0.6483526675 0.689800383 0.7269952499 0.7597079492 0.7877367964 0.8109089844 0.8290816487 0.8421427491 0.8500117593 0.8526401644 0.8500117593 0.8421427491 0.8290816487 0.8109089844 0.7877367964 0.7597079492 0.7269952499 0.689800383 0.6483526675 0.6029076421 0.5537454907 0.5011693141 0.4455032621 0.3870905343 0.3262912647 0.2634803009 0.1990448934 0.133382308 0.06689737628 1.044148563e-16
0 0.06990756618 0.139384129 0.2080013422 0.2753361581 0.3409734349 0.4045084972 0.46554963 0.5237204946 0.5786624482 0.6300367553 0.6775266764 0.7208394202 0.7597079492 0.7938926261 0.823182691 0.8473975609 0.866387943 0.8800367553 0.8882598484 0.8910065242 0.8882598484 0.8800367553 0.866387943 0.8473975609 0.823182691 0.7938926261 0.7597079492 0.7208394202 0.6775266764 0.6300367553 0.5786624482 0.5237204946 0.46554963 0.4045084972 0.3409734349 0.2753361581 0.2080013422 0.139384129 0.06990756618 1.091132251e-16
0 0.07248675268 0.1445266004 0.2156753936 0.2854944763 0.3535533906 0.4194325307 0.4827257297 0.5430427641 0.6000117593 0.6532814824 0.702523508 0.7474342426 0.7877367964 0.823182691 0.8535533906 0.8786616497 0.8983526675 0.9125050424 0.9210315202 0.9238795325 0.9210315202 0.9125050424 0.8983526675 0.8786616497 0.8535533906 0.823182691 0.7877367964 0.7474342426 0.702523508 0.6532814824 0.6000117593 0.5430427641 0.4827257297 0.4194325307 0.3535533906 0.2854944763 0.2156753936 0.1445266004 0.07248675268 1.131388746e-16
0 0.07461903425 0.1487780173 0.2220197345 0.2938926261 0.363953572 0.4317706231 0.4969256647 0.5590169944 0.6176617984 0.672498512 0.7231890486 0.7694208843 0.8109089844 0.8473975609 0.8786616497 0.9045084972 0.924778749 0.9393474324 0.9481247265 0.9510565163 0.9481247265 0.9393474324 0.924778749 0.9045084972 0.8786616497 0.8473975609 0.8109089844 0.7694208843 0.7231890486 0.672498512 0.6176617984 0.5590169944 0.4969256647 0.4317706231 0.363953572 0.2938926261 0.2220197345 0.1487780173 0.07461903425 1.164669853e-16
0 0.07629126467 0.1521121683 0.2269952499 0.3004788302 0.3721098587 0.4414467061 0.5080618878 0.571544699 0.6315037471 0.6875693645 0.7393958882 0.7866637904 0.8290816487 0.866387943 0.8983526675 0.924778749 0.9455032621 0.9603984331 0.9693724284 0.9723699204 0.9693724284 0.9603984331 0.9455032621 0.924778749 0.8983526675 0.866387943 0.8290816487 0.7866637904 0.7393958882 0.6875693645 0.6315037471 0.571544699 0.5080618878 0.4414467061 0.3721098587 0.3004788302 0.2269952499 0.1521121683 0.07629126467 1.190770383e-16
0 0.07749313406 0.1545084972 0.230571264 0.3052124824 0.3779719643 0.4484011233 0.5160657403 0.5805486405 0.6414522652 0.6984011233 0.7510441063 0.7990566527 0.8421427491 0.8800367553 0.9125050424 0.9393474324 0.9603984331 0.9755282581 0.9846436271 0.9876883406 0.9846436271 0.9755282581 0.9603984331 0.9393474324 0.9125050424 0.8800367553 0.8421427491 0.7990566527 0.7510441063 0.6984011233 0.6414522652 0.5805486405 0.5160657403 0.4484011233 0.3779719643 0.3052124824 0.230571264 0.1545084972 0.07749313406 1.209529417e-16
0 0.07821723252 0.1559522298 0.2327257297 0.3080643981 0.3815037471 0.4525909985 0.520887876 0.5859733065 0.6474460167 0.704927007 0.7580618878 0.806523065 0.8500117593 0.8882598484 0.9210315202 0.9481247265 0.9693724284 0.9846436271 0.9938441703 0.9969173337 0.9938441703 0.9846436271 0.9693724284 0.9481247265 0.9210315202 0.8882598484 0.8500117593 0.806523065 0.7580618878 0.704927007 0.6474460167 0.5859733065 0.520887876 0.4525909985 0.3815037471 0.3080643981 0.2327257297 0.1559522298 0.07821723252 1.220831301e-16
0 0.07845909573 0.156434465 0.2334453639 0.3090169944 0.3826834324 0.4539904997 0.5224985647 0.5877852523 0.6494480483 0.7071067812 0.7604059656 0.8090169944 0.8526401644 0.8910065242 0.9238795325 0.9510565163 0.9723699204 0.9876883406 0.9969173337 1 0.9969173337 0.9876883406 0.9723699204 0.9510565163 0.9238795325 0.8910065242 0.8526401644 0.8090169944 0.7604059656 0.7071067812 0.6494480483 0.5877852523 0.5224985647 0.4539904997 0.3826834324 0.3090169944 0.2334453639 0.156434465 0.07845909573 1.224606354e-16
0 0.07821723252 0.1559522298 0.2327257297 0.3080643981 0.3815037471 0.4525909985 0.520887876 0.5859733065 0.6474460167 0.704927007 0.7580618878 0.806523065 0.8500117593 0.8882598484 0.9210315202 0.9481247265 0.9693724284 0.9846436271 0.9938441703 0.9969173337 0.9938441703 0.9846436271 0.9693724284 0.9481247265 0.9210315202 0.8882598484 0.8500117593 0.806523065 0.7580618878 0.704927007 0.6474460167 0.5859733065 0.520887876 0.4525909985 0.3815037471 0.3080643981 0.2327257297 0.1559522298 0.07821723252 1.220831301e-16
0 0.07749313406 0.1545084972 0.230571264 0.3052124824 0.3779719643 0.4484011233 0.5160657403 0.5805486405 0.6414522652 0.6984011233 0.7510441063 0.7990566527 0.8421427491 0.8800367553 0.9125050424 0.9393474324 0.9603984331 0.9755282581 0.9846436271 0.9876883406 0.9846436271 0.9755282581 0.9603984331 0.9393474324 0.9125050424 0.8800367553 0.8421427491 0.7990566527 0.7510441063 0.6984011233 0.6414522652 0.5805486405 0.5160657403 0.4484011233 0.3779719643 0.3052124824 0.230571264 0.1545084972 0.07749313406 1.209529417e-16
0 0.07629126467 0.1521121683 0.2269952499 0.3004788302 0.3721098587 0.4414467061 0.5080618878 0.571544699 0.6315037471 0.6875693645 0.7393958882 0.7866637904 0.8290816487 0.866387943 0.8983526675 0.924778749 0.9455032621 0.9603984331 0.9693724284 0.9723699204 0.9693724284 0.9603984331 0.9455032621 0.924778749 0.8983526675 0.866387943 0.8290816487 0.7866637904 0.7393958882 0.6875693645 0.6315037471 0.571544699 0.5080618878 0.4414467061 0.3721098587 0.3004788302 0.2269952499 0.1521121683 0.07629126467 1.190770383e-16
0 0.07461903425 0.1487780173 0.2220197345 0.2938926261 0.363953572 0.4317706231 0.4969256647 0.5590169944 0.6176617984 0.672498512 0.7231890486 0.7694208843 0.8109089844 0.8473975609 0.8786616497 0.9045084972 0.924778749 0.9393474324 0.9481247265 0.9510565163 0.9481247265 0.9393474324 0.924778749 0.9045084972 0.8786616497 0.8473975609 0.8109089844 0.7694208843 0.7231890486 0.672498512 0.6176617984 0.5590169944 0.4969256647 0.4317706231 0.363953572 0.2938926261 0.2220197345 0.1487780173 0.07461903425 1.164669853e-16
0 0.07248675268 0.1445266004 0.2156753936 0.2854944763 0.3535533906 0.4194325307 0.4827257297 0.5430427641 0.6000117593 0.6532814824 0.702523508 0.7474342426 0.7877367964 0.823182691 0.8535533906 0.8786616497 0.8983526675 0.9125050424 0.9210315202 0.9238795325 0.9210315202 0.9125050424 0.8983526675 0.8786616497 0.8535533906 0.823182691 0.7877367964 0.7474342426 0.702523508 0.6532814824 0.6000117593 0.5430427641 0.4827257297 0.4194325307 0.3535533906 0.2854944763 0.2156753936 0.1445266004 0.07248675268 1.131388746e-16
0 0.06990756618 0.139384129 0.2080013422 0.2753361581 0.3409734349 0.4045084972 0.46554963 0.5237204946 0.5786624482 0.6300367553 0.6775266764 0.7208394202 0.7597079492 0.7938926261 0.823182691 0.8473975609 0.866387943 0.8800367553 0.8882598484 0.8910065242 0.8882598484 0.8800367553 0.866387943 0.8473975609 0.823182691 0.7938926261 0.7597079492 0.7208394202 0.6775266764 0.6300367553 0.5786624482 0.5237204946 0.46554963 0.4045084972 0.3409734349 0.2753361581 0.2080013422 0.139384129 0.06990756618 1.091132251e-16
0 0.06689737628 0.133382308 0.1990448934 0.2634803009 0.3262912647 0.3870905343 0.4455032621 0.5011693141 0.5537454907 0.6029076421 0.6483526675 0.689800383 0.7269952499 0.7597079492 0.7877367964 0.8109089844 0.8290816487 0.8421427491 0.8500117593 0.8526401644 0.8500117593 0.8421427491 0.8290816487 0.8109089844 0.7877367964 0.7597079492 0.7269952499 0.689800383 0.6483526675 0.6029076421 0.5537454907 0.5011693141 0.4455032621 0.3870905343 0.3262912647 0.2634803009 0.1990448934 0.133382308 0.06689737628 1.044148563e-16
0 0.06347474181 0.1265581407 0.1888612666 0.25 0.3095974002 0.3672860296 0.4227102184 0.4755282581 0.5254145081 0.5720614028 0.6151813488 0.6545084972 0.689800383 0.7208394202 0.7474342426 0.7694208843 0.7866637904 0.7990566527 0.806523065 0.8090169944 0.806523065 0.7990566527 0.7866637904 0.7694208843 0.7474342426 0.7208394202 0.689800383 0.6545084972 0.6151813488 0.5720614028 0.5254145081 0.4755282581 0.4227102184 0.3672860296 0.3095974002 0.25 0.1888612666 0.1265581407 0.06347474181 9.907273517e-17
0 0.05966076445 0.1189537004 0.1775132473 0.234978366 0.2909947649 0.3452170843 0.3973110256 0.4469554123 0.4938441703 0.5376882147 0.5782172325 0.6151813488 0.6483526675 0.6775266764 0.702523508 0.7231890486 0.7393958882 0.7510441063 0.7580618878 0.7604059656 0.7580618878 0.7510441063 0.7393958882 0.7231890486 0.702523508 0.6775266764 0.6483526675 0.6151813488 0.5782172325 0.5376882147 0.4938441703 0.4469554123 0.3973110256 0.3452170843 0.2909947649 0.234978366 0.1775132473 0.1189537004 0.05966076445 9.31197977e-17
0 0.05547895863 0.110615871 0.1650707998 0.2185080122 0.2705980501 0.321019761 0.3694622783 0.4156269378 0.459229119 0.5 0.5376882147 0.5720614028 0.6029076421 0.6300367553 0.6532814824 0.672498512 0.6875693645 0.6984011233 0.704927007 0.7071067812 0.704927007 0.6984011233 0.6875693645 0.672498512 0.6532814824 0.6300367553 0.6029076421 0.5720614028 0.5376882147 0.5 0.459229119 0.4156269378 0.3694622783 0.321019761 0.2705980501 0.2185080122 0.1650707998 0.110615871 0.05547895863 8.659274571e-17
0 0.05095510659 0.101596058 0.1516106359 0.2006904839 0.2485330083 0.294843244 0.3393356731 0.3817359849 0.4217827675 0.459229119 0.4938441703 0.5254145081 0.5537454907 0.5786624482 0.6000117593 0.6176617984 0.6315037471 0.6414522652 0.6474460167 0.6494480483 0.6474460167 0.6414522652 0.6315037471 0.6176617984 0.6000117593 0.5786624482 0.5537454907 0.5254145081 0.4938441703 0.459229119 0.4217827675 0.3817359849 0.3393356731 0.294843244 0.2485330083 0.2006904839 0.1516106359 0.101596058 0.05095510659 7.953182065e-17
0 0.04611709938 0.0919498715 0.1372157421 0.181635632 0.2249356778 0.2668489204 0.3071169507 0.3454915028 0.3817359849 0.4156269378 0.4469554123 0.4755282581 0.5011693141 0.5237204946 0.5430427641 0.5590169944 0.571544699 0.5805486405 0.5859733065 0.5877852523 0.5859733065 0.5805486405 0.571544699 0.5590169944 0.5430427641 0.5237204946 0.5011693141 0.4755282581 0.4469554123 0.4156269378 0.3817359849 0.3454915028 0.3071169507 0.2668489204 0.2249356778 0.181635632 0.1372157421 0.0919498715 0.04611709938 7.198055546e-17
0 0.04099476491 0.08173678346 0.1219748676 0.161460936 0.1999515442 0.2372093845 0.2730047501 0.3071169507 0.3393356731 0.3694622783 0.3973110256 0.4227102184 0.4455032621 0.46554963 0.4827257297 0.4969256647 0.5080618878 0.5160657403 0.520887876 0.5224985647 0.520887876 0.5160657403 0.5080618878 0.4969256647 0.4827257297 0.46554963 0.4455032621 0.4227102184 0.3973110256 0.3694622783 0.3393356731 0.3071169507 0.2730047501 0.2372093845 0.1999515442 0.161460936 0.1219748676 0.08173678346 0.04099476491 6.398550622e-17
0 0.03561968408 0.07101976096 0.1059819774 0.1402907797 0.1737346427 0.2061073739 0.2372093845 0.2668489204 0.294843244 0.321019761 0.3452170843 0.3672860296 0.3870905343 0.4045084972 0.4194325307 0.4317706231 0.4414467061 0.4484011233 0.4525909985 0.4539904997 0.4525909985 0.4484011233 0.4414467061 0.4317706231 0.4194325307 0.4045084972 0.3870905343 0.3672860296 0.3452170843 0.321019761 0.294843244 0.2668489204 0.2372093845 0.2061073739 0.1737346427 0.1402907797 0.1059819774 0.07101976096 0.03561968408 5.559596506e-17
0 0.03002499605 0.05986487802 0.08933567311 0.1182556841 0.1464466094 0.1737346427 0.1999515442 0.2249356778 0.2485330083 0.2705980501 0.2909947649 0.3095974002 0.3262912647 0.3409734349 0.3535533906 0.363953572 0.3721098587 0.3779719643 0.3815037471 0.3826834324 0.3815037471 0.3779719643 0.3721098587 0.363953572 0.3535533906 0.3409734349 0.3262912647 0.3095974002 0.2909947649 0.2705980501 0.2485330083 0.2249356778 0.1999515442 0.1737346427 0.1464466094 0.1182556841 0.08933567311 0.05986487802 0.03002499605 4.686365628e-17
0 0.02424519394 0.0483409082 0.07213858469 0.09549150281 0.1182556841 0.1402907797 0.161460936 0.181635632 0.2006904839 0.2185080122 0.234978366 0.25 0.2634803009 0.2753361581 0.2854944763 0.2938926261 0.3004788302 0.3052124824 0.3080643981 0.3090169944 0.3080643981 0.3052124824 0.3004788302 0.2938926261 0.2854944763 0.2753361581 0.2634803009 0.25 0.234978366 0.2185080122 0.2006904839 0.181635632 0.161460936 0.1402907797 0.1182556841 0.09549150281 0.07213858469 0.0483409082 0.02424519394 3.784241748e-17
0 0.01831591215 0.03651890061 0.05449673791 0.07213858469 0.08933567311 0.1059819774 0.1219748676 0.1372157421 0.1516106359 0.1650707998 0.1775132473 0.1888612666 0.1990448934 0.2080013422 0.2156753936 0.2220197345 0.2269952499 0.230571264 0.2327257297 0.2334453639 0.2327257297 0.230571264 0.2269952499 0.2220197345 0.2156753936 0.2080013422 0.1990448934 0.1888612666 0.1775132473 0.1650707998 0.1516106359 0.1372157421 0.1219748676 0.1059819774 0.08933567311 0.07213858469 0.05449673791 0.03651890061 0.01831591215 2.858786758e-17
0 0.01227370667 0.02447174185 0.03651890061 0.0483409082 0.05986487802 0.07101976096 0.08173678346 0.0919498715 0.101596058 0.110615871 0.1189537004 0.1265581407 0.133382308 0.139384129 0.1445266004 0.1487780173 0.1521121683 0.1545084972 0.1559522298 0.156434465 0.1559522298 0.1545084972 0.1521121683 0.1487780173 0.1445266004 0.139384129 0.133382308 0.1265581407 0.1189537004 0.110615871 0.101596058 0.0919498715 0.08173678346 0.07101976096 0.05986487802 0.0483409082 0.03651890061 0.02447174185 0.01227370667 1.915706398e-17
0 0.006155829702 0.01227370667 0.01831591215 0.02424519394 0.03002499605 0.03561968408 0.04099476491 0.04611709938 0.05095510659 0.05547895863 0.05966076445 0.06347474181 0.06689737628 0.06990756618 0.07248675268 0.07461903425 0.07629126467 0.07749313406 0.07821723252 0.07845909573 0.07821723252 0.07749313406 0.07629126467 0.07461903425 0.07248675268 0.06990756618 0.06689737628 0.06347474181 0.05966076445 0.05547895863 0.05095510659 0.04611709938 0.04099476491 0.03561968408 0.03002499605 0.02424519394 0.01831591215 0.01227370667 0.006155829702 9.608150714e-18
0 9.608150714e-18 1.915706398e-17 2.858786758e-17 3.784241748e-17 4.686365628e-17 5.559596506e-17 6.398550622e-17 7.198055546e-17 7.953182065e-17 8.659274571e-17 9.31197977e-17 9.907273517e-17 1.044148563e-16 1.091132251e-16 1.131388746e-16 1.164669853e-16 1.190770383e-16 1.209529417e-16 1.220831301e-16 1.224606354e-16 1.220831301e-16 1.209529417e-16 1.190770383e-16 1.164669853e-16 1.131388746e-16 1.091132251e-16 1.044148563e-16 9.907273517e-17 9.31197977e-17 8.659274571e-17 7.953182065e-17 7.198055546e-17 6.398550622e-17 5.559596506e-17 4.686365628e-17 3.784241748e-17 2.858786758e-17 1.915706398e-17 9.608150714e-18 1.499660722e-32
