0 0 0 0 0 0 0 0 0 0 0 0 0 0 0 0 0 0 0 0 0 0 0 0 0 0 0 0 0 0 0 0 0 0 0 0 0 0 0 0 0
0 -2.8807065e-06 2.33033592e-06 1.795527271e-05 4.273471734e-05 7.456661788e-05 0.0001113698796 0.0001513149747 0.0001928534127 0.0002346901933 0.0002757454018 0.0003151185963 0.0003520591441 0.0003859424641 0.0004162513126 0.0004425611723 0.0004645289341 0.0004818842278 0.0004944229067 0.0005020023204 0.0005045381119 0.0005020023635 0.0004944229894 0.0004818843433 0.0004645290726 0.0004425613217 0.0004162514592 0.0003859425933 0.0003520592417 0.0003151186497 0.0002757454011 0.0002346901328 0.0001928532921 0.0001513148004 0.0001113696653 7.456638507e-05 4.273449375e-05 1.79550893e-05 2.330219306e-06 -2.880748349e-06 0
0 2.33033592e-06 3.243529451e-05 9.466208134e-05 0.0001857620871 0.0002999398397 0.0004309775394 0.0005730522656 0.0007209970105 0.0008703369645 0.001017242593 0.001158458287 0.001291230002 0.001413240411 0.001522553911 0.001617571414 0.001696993977 0.001759794145 0.001805193961 0.001832648749 0.001841836014 0.001832648961 0.001805194371 0.001759794727 0.001696994692 0.001617572214 0.001522554741 0.001413241213 0.001291230719 0.001158458866 0.00101724299 0.0008703371513 0.0007209969768 0.0005730520242 0.0004309771281 0.0002999393216 0.0001857615462 9.466161239e-05 3.2434981e-05 2.330213522e-06 0
0 1.795527271e-05 9.466208134e-05 0.0002330336162 0.0004264126396 0.0006642941155 0.0009352299644 0.001228186205 0.001533104663 0.001841077044 0.002144341111 0.002436203056 0.002710936151 0.002963678742 0.003190341486 0.003387527388 0.003552465242 0.003682955855 0.003777329986 0.003834416919 0.003853522713 0.003834417447 0.003777331013 0.003682957321 0.003552467062 0.003387529456 0.00319034368 0.002963680933 0.00271093821 0.00243620486 0.002144342558 0.001841078063 0.001533105216 0.001228186302 0.0009352296659 0.0006642935308 0.0004264119204 0.0002330329365 9.466160098e-05 1.795507557e-05 0
0 4.273471734e-05 0.0001857620871 0.0004264126396 0.0007525853776 0.001147967666 0.001595090398 0.002076966065 0.002577879313 0.003083702572 0.003581960903 0.004061773975 0.004513745347 0.004929836184 0.005303242179 0.005628282479 0.005900304181 0.006115603281 0.006271361728 0.006365599753 0.006397142577 0.006365600753 0.006271363674 0.006115606072 0.005900307669 0.00562828648 0.005303246481 0.00492984056 0.004513749566 0.004061777822 0.003581964191 0.00308370516 0.00257788112 0.002076967081 0.001595090695 0.001147967394 0.0007525847568 0.0004264119292 0.000185761535 4.273447638e-05 0
0 7.456661788e-05 0.0002999398397 0.0006642941155 0.001147967666 0.001727647582 0.002379119584 0.003078909241 0.003805165424 0.004538066286 0.005259943762 0.005955253358 0.006610467009 0.007213934757 0.007755741092 0.008227569807 0.008622584295 0.008935326232 0.009161633542 0.009298577491 0.009344418356 0.009298579112 0.009161636704 0.00893533078 0.008622590006 0.0082275764 0.007755748243 0.007213942118 0.006610474226 0.005955260096 0.005259949724 0.004538071239 0.003805169219 0.003078911832 0.002379121038 0.001727648079 0.001147967486 0.0006642936044 0.0002999393411 7.456637442e-05 0
0 0.0001113698796 0.0004309775394 0.0009352299644 0.001595090398 0.002379119584 0.003255683736 0.00419439387 0.005166947616 0.006147552364 0.00711307714 0.0080430412 0.00891951282 0.009726965784 0.01045212288 0.01108380369 0.01161278642 0.0120316887 0.01233486962 0.01251835381 0.01257977747 0.01251835619 0.01233487427 0.0120316954 0.01161279486 0.01108381347 0.01045213356 0.00972697688 0.008919523825 0.008043051635 0.007113086577 0.006147560455 0.005166954125 0.004194398692 0.003255686916 0.002379121319 0.001595091017 0.0009352298934 0.0004309772254 0.0001113696764 0
0 0.0001513149747 0.0005730522656 0.001228186205 0.002076966065 0.003078909241 0.00419439387 0.005385780046 0.00661810906 0.00785947432 0.009081160238 0.01025763013 0.01136642449 0.01238801292 0.01330562879 0.0141051051 0.01477472277 0.01530507795 0.01568897165 0.01592132346 0.01599910975 0.01592132671 0.01568897801 0.01530508713 0.01477473437 0.01410511861 0.01330564361 0.0123880284 0.01136643997 0.01025764498 0.009081173864 0.007859486246 0.006618118941 0.005385787701 0.004194399303 0.003078912648 0.002076967815 0.001228186799 0.0005730522584 0.000151314851 0
0 0.0001928534127 0.0007209970105 0.001533104663 0.002577879313 0.003805165424 0.005166947616 0.00661810906 0.008116927611 0.009625341981 0.01110904042 0.01253742535 0.01388349967 0.01512371018 0.01623777368 0.0172085035 0.01802164782 0.0186657469 0.01913201357 0.01941423899 0.01950872496 0.01941424321 0.01913202183 0.01866575884 0.01802166293 0.01720852115 0.01623779311 0.01512373058 0.0138835202 0.01253744519 0.01110905882 0.009625358322 0.008116941416 0.006618120055 0.00516695575 0.003805170876 0.00257788248 0.001533106115 0.0007209974142 0.0001928534015 0
0 0.0002346901933 0.0008703369645 0.001841077044 0.003083702572 0.004538066286 0.006147552364 0.00785947432 0.009625341981 0.01140099042 0.01314659027 0.01482656873 0.01640947138 0.01786779049 0.01917778051 0.02031927557 0.02127551964 0.02203301619 0.02258140178 0.02291334608 0.02302447981 0.02291335133 0.02258141206 0.02203303107 0.0212755385 0.02031929764 0.01917780488 0.01786781618 0.01640949735 0.01482659399 0.01314661389 0.01140101161 0.009625360127 0.007859489042 0.006147563541 0.00453807407 0.003083707377 0.001841079506 0.0008703378604 0.0002346903202 0
0 0.0002757454018 0.001017242593 0.002144341111 0.003581960903 0.005259943762 0.00711307714 0.009081160238 0.01110904042 0.01314659027 0.01514862197 0.01707474956 0.01888921508 0.020560695 0.02206210153 0.02337039009 0.02446638179 0.0253346068 0.02596317265 0.02634366002 0.02647104752 0.02634366633 0.02596318502 0.02533462472 0.02446640454 0.02337041675 0.02206213104 0.02056072619 0.01888924674 0.0170747805 0.01514865107 0.01314661658 0.01110906317 0.009081178942 0.007113091591 0.005259954074 0.003581967499 0.002144344685 0.001017244037 0.0002757456843 0
0 0.0003151185963 0.001158458287 0.002436203056 0.004061773975 0.005955253358 0.0080430412 0.01025763013 0.01253742535 0.01482656873 0.01707474956 0.01923699876 0.02127347136 0.02314922526 0.02483400467 0.02630203592 0.02753184191 0.02850607952 0.02921140365 0.02963835967 0.02978130594 0.02963836704 0.02921141811 0.02850610049 0.02753186856 0.0263020672 0.02483403935 0.02314926201 0.02127350877 0.01923703545 0.01707478424 0.01482660026 0.01253745282 0.01025765293 0.008043059034 0.005955266295 0.00406178244 0.002436207799 0.00115846031 0.0003151190444 0
0 0.0003520591441 0.001291230002 0.002710936151 0.004513745347 0.006610467009 0.00891951282 0.01136642449 0.01388349967 0.01640947138 0.01888921508 0.02127347136 0.02351858027 0.02558622828 0.02744321118 0.02906121643 0.03041662876 0.03149036183 0.03226771817 0.03273827894 0.03289582465 0.03273828736 0.03226773468 0.03149038579 0.03041665922 0.02906125222 0.02744325093 0.02558627048 0.02351862332 0.02127351371 0.01888925525 0.01640950807 0.01388353183 0.01136645136 0.008919534027 0.006610482573 0.00451375569 0.002710942072 0.001291232611 0.0003520597603 0
0 0.0003859424641 0.001413240411 0.002963678742 0.004929836184 0.007213934757 0.009726965784 0.01238801292 0.01512371018 0.01786779049 0.020560695 0.02314922526 0.02558622828 0.02783031004 0.02984557593 0.03160139864 0.03307221419 0.03423734755 0.03508086864 0.03559147966 0.0357624343 0.03559148907 0.03508088708 0.03423737433 0.03307224828 0.03160143872 0.0298456205 0.02783035741 0.02558627672 0.02314927302 0.02056074043 0.01786783213 0.01512374682 0.0123880437 0.009726990242 0.007213952858 0.004929848345 0.002963685805 0.00141324359 0.0003859432441 0
0 0.0004162513126 0.001522553911 0.003190341486 0.005303242179 0.007755741092 0.01045212288 0.01330562879 0.01623777368 0.01917778051 0.02206210153 0.02483400467 0.02744321118 0.02984557593 0.03200280522 0.03388220958 0.03545649008 0.03670355765 0.0376063853 0.03815289301 0.03833586558 0.03815290331 0.03760640552 0.03670358703 0.03545652749 0.03388225361 0.03200285422 0.02984562808 0.02744326458 0.02483405741 0.02206215181 0.01917782672 0.01623781448 0.01330566321 0.01045215036 0.007755761556 0.005303256036 0.003190349617 0.001522557623 0.000416252246 0
0 0.0004425611723 0.001617571414 0.003387527388 0.005628282479 0.008227569807 0.01108380369 0.0141051051 0.0172085035 0.02031927557 0.02337039009 0.02630203592 0.02906121643 0.03160139864 0.03388220958 0.03586917442 0.03753349318 0.03885185401 0.03980628151 0.04038401948 0.04057744743 0.04038403059 0.03980630331 0.03885188568 0.03753353354 0.03586922195 0.03388226252 0.03160145503 0.02906127423 0.0263020931 0.02337044469 0.02031932585 0.01720854801 0.01410514276 0.01108383387 0.008227592387 0.005628297855 0.003387536477 0.001617575604 0.0004425622435 0
0 0.0004645289341 0.001696993977 0.003552465242 0.005900304181 0.008622584295 0.01161278642 0.01477472277 0.01802164782 0.02127551964 0.02446638179 0.02753184191 0.03041662876 0.03307221419 0.03545649008 0.03753349318 0.0392731731 0.04065119978 0.04164880843 0.04225268007 0.04245485692 0.04225269186 0.04164883157 0.0406512334 0.03927321595 0.03753354367 0.03545654634 0.03307227418 0.0304166903 0.02753190284 0.02446644006 0.02127557338 0.01802169548 0.01477476319 0.0116128189 0.008622608678 0.005900320853 0.003552475149 0.001696998576 0.000464530123 0
0 0.0004818842278 0.001759794145 0.003682955855 0.006115603281 0.008935326232 0.0120316887 0.01530507795 0.0186657469 0.02203301619 0.0253346068 0.02850607952 0.03149036183 0.03423734755 0.03670355765 0.03885185401 0.04065119978 0.04207646212 0.04310825394 0.04373281276 0.04394191504 0.04373282509 0.04310827813 0.04207649728 0.04065124462 0.03885190685 0.03670361656 0.03423741039 0.03149042634 0.02850614345 0.02533466799 0.02203307269 0.01866579707 0.01530512056 0.01203172302 0.008935352051 0.006115620987 0.003682966414 0.00175979907 0.0004818855108 0
0 0.0004944229067 0.001805193961 0.003777329986 0.006271361728 0.009161633542 0.01233486962 0.01568897165 0.01913201357 0.02258140178 0.02596317265 0.02921140365 0.03226771817 0.03508086864 0.0376063853 0.03980628151 0.04164880843 0.04310825394 0.0441647821 0.04480431058 0.04501842415 0.04480432329 0.04416480705 0.04310829021 0.04164885468 0.03980633603 0.0376064461 0.03508093351 0.03226778481 0.02921146971 0.02596323593 0.02258146025 0.01913206554 0.01568901584 0.01233490525 0.009161660393 0.006271380177 0.003777341014 0.00180519912 0.0004944242574 0
0 0.0005020023204 0.001832648749 0.003834416919 0.006365599753 0.009298577491 0.01251835381 0.01592132346 0.01941423899 0.02291334608 0.02634366002 0.02963835967 0.03273827894 0.03559147966 0.03815289301 0.04038401948 0.04225268007 0.04373281276 0.04480431058 0.04545289803 0.04567004419 0.04545291096 0.04480433597 0.04373284967 0.04225272714 0.04038407498 0.0381529549 0.03559154572 0.0327383468 0.02963842697 0.0263437245 0.02291340569 0.019414292 0.01592136856 0.0125183902 0.009298604938 0.006365618632 0.003834428218 0.001832654045 0.0005020037103 0
0 0.0005045381119 0.001841836014 0.003853522713 0.006397142577 0.009344418356 0.01257977747 0.01599910975 0.01950872496 0.02302447981 0.02647104752 0.02978130594 0.03289582465 0.0357624343 0.03833586558 0.04057744743 0.04245485692 0.04394191504 0.04501842415 0.04567004419 0.04588820552 0.04567005718 0.04501844965 0.04394195211 0.04245490419 0.04057750316 0.03833592775 0.03576250065 0.03289589281 0.02978137355 0.02647111229 0.0230245397 0.01950877822 0.01599915508 0.01257981404 0.00934444595 0.006397161561 0.003853534079 0.001841841343 0.0005045395117 0
0 0.0005020023635 0.001832648961 0.003834417447 0.006365600753 0.009298579112 0.01251835619 0.01592132671 0.01941424321 0.02291335133 0.02634366633 0.02963836704 0.03273828736 0.03559148907 0.03815290331 0.04038403059 0.04225269186 0.04373282509 0.04480432329 0.04545291096 0.04567005718 0.04545292384 0.04480434856 0.04373286183 0.04225273871 0.04038408583 0.03815296491 0.0355915548 0.03273835488 0.02963843401 0.02634373048 0.02291341062 0.01941429594 0.01592137156 0.01251839237 0.009298606397 0.006365619516 0.003834428674 0.001832654221 0.0005020037435 0
0 0.0004944229894 0.001805194371 0.003777331013 0.006271363674 0.009161636704 0.01233487427 0.01568897801 0.01913202183 0.02258141206 0.02596318502 0.02921141811 0.03226773468 0.03508088708 0.03760640552 0.03980630331 0.04164883157 0.04310827813 0.04416480705 0.04480433597 0.04501844965 0.04480434856 0.04416483178 0.04310831407 0.04164887738 0.03980635732 0.03760646574 0.03508095133 0.03226780065 0.02921148351 0.02596324765 0.02258146991 0.01913207324 0.01568902171 0.01233490949 0.009161663236 0.006271381895 0.003777341898 0.001805199461 0.0004944243205 0
0 0.0004818843433 0.001759794727 0.003682957321 0.006115606072 0.00893533078 0.0120316954 0.01530508713 0.01866575884 0.02203303107 0.02533462472 0.02850610049 0.03149038579 0.03423737433 0.03670358703 0.03885188568 0.0406512334 0.04207649728 0.04310829021 0.04373284967 0.04394195211 0.04373286183 0.04310831407 0.04207653196 0.04065127761 0.03885193777 0.03670364509 0.03423743625 0.03149044934 0.02850616345 0.02533468496 0.02203308667 0.01866580819 0.01530512903 0.01203172912 0.008935356134 0.006115623446 0.003682967673 0.001759799551 0.0004818855979 0
0 0.0004645290726 0.001696994692 0.003552467062 0.005900307669 0.008622590006 0.01161279486 0.01477473437 0.01802166293 0.0212755385 0.02446640454 0.02753186856 0.03041665922 0.03307224828 0.03545652749 0.03753353354 0.03927321595 0.04065124462 0.04164885468 0.04225272714 0.04245490419 0.04225273871 0.04164887738 0.04065127761 0.03927325799 0.03753358306 0.03545658266 0.03307230708 0.03041671953 0.02753192825 0.02446646159 0.02127559109 0.01802170954 0.01477477387 0.01161282658 0.008622613791 0.005900323916 0.003552476704 0.001696999161 0.0004645302252 0
0 0.0004425613217 0.001617572214 0.003387529456 0.00562828648 0.0082275764 0.01108381347 0.01410511861 0.01720852115 0.02031929764 0.02337041675 0.0263020672 0.02906125222 0.03160143872 0.03388225361 0.03586922195 0.03753354367 0.03885190685 0.03980633603 0.04038407498 0.04057750316 0.04038408583 0.03980635732 0.03885193777 0.03753358306 0.03586926833 0.03388230525 0.03160149371 0.02906130856 0.0263021229 0.0233704699 0.02031934655 0.01720856441 0.01410515517 0.01108384275 0.008227598271 0.005628301352 0.003387538231 0.001617576251 0.00044256235 0
0 0.0004162514592 0.001522554741 0.00319034368 0.005303246481 0.007755748243 0.01045213356 0.01330564361 0.01623779311 0.01917780488 0.02206213104 0.02483403935 0.02744325093 0.0298456205 0.03200285422 0.03388226252 0.03545654634 0.03670361656 0.0376064461 0.0381529549 0.03833592775 0.03815296491 0.03760646574 0.03670364509 0.03545658266 0.03388230525 0.03200290176 0.02984567106 0.02744330267 0.02483409042 0.02206217969 0.01917784955 0.0162378325 0.01330567679 0.01045216002 0.007755767912 0.005303259772 0.00319035146 0.001522558281 0.0004162523447 0
0 0.0003859425933 0.001413241213 0.002963680933 0.00492984056 0.007213942118 0.00972697688 0.0123880284 0.01512373058 0.01786781618 0.02056072619 0.02314926201 0.02558627048 0.02783035741 0.02984562808 0.03160145503 0.03307227418 0.03423741039 0.03508093351 0.03559154572 0.03576250065 0.0355915548 0.03508095133 0.03423743625 0.03307230708 0.03160149371 0.02984567106 0.02783040307 0.02558631712 0.02314930796 0.02056076985 0.01786785614 0.0151237657 0.01238805785 0.009727000236 0.007213959364 0.004929852112 0.002963687619 0.001413244208 0.0003859433222 0
0 0.0003520592417 0.001291230719 0.00271093821 0.004513749566 0.006610474226 0.008919523825 0.01136643997 0.0138835202 0.01640949735 0.01888924674 0.02127350877 0.02351862332 0.02558627672 0.02744326458 0.02906127423 0.0304166903 0.03149042634 0.03226778481 0.0327383468 0.03289589281 0.03273835488 0.03226780065 0.03149044934 0.03041671953 0.02906130856 0.02744330267 0.02558631712 0.02351866451 0.02127354924 0.01888928507 0.01640953231 0.01388355077 0.01136646546 0.008919543889 0.006610488903 0.00451375928 0.002710943741 0.001291233139 0.0003520598056 0
0 0.0003151186497 0.001158458866 0.00243620486 0.004061777822 0.005955260096 0.008043051635 0.01025764498 0.01253744519 0.01482659399 0.0170747805 0.01923703545 0.02127351371 0.02314927302 0.02483405741 0.0263020931 0.02753190284 0.02850614345 0.02921146971 0.02963842697 0.02978137355 0.02963843401 0.02921148351 0.02850616345 0.02753192825 0.0263021229 0.02483409042 0.02314930796 0.02127354924 0.01923707024 0.01707481332 0.01482662377 0.01253747107 0.01025766639 0.008043068323 0.005955272145 0.00406178566 0.002436209215 0.001158460701 0.0003151190463 0
0 0.0002757454011 0.00101724299 0.002144342558 0.003581964191 0.005259949724 0.007113086577 0.009081173864 0.01110905882 0.01314661389 0.01514865107 0.01707478424 0.01888925525 0.02056074043 0.02206215181 0.02337044469 0.02446644006 0.02533466799 0.02596323593 0.0263437245 0.02647111229 0.02634373048 0.02596324765 0.02533468496 0.02446646159 0.0233704699 0.02206217969 0.02056076985 0.01888928507 0.01707481332 0.01514867837 0.01314663849 0.01110908003 0.009081191224 0.007113099918 0.005259959178 0.003581970182 0.002144345761 0.001017244256 0.000275745635 0
0 0.0002346901328 0.0008703371513 0.001841078063 0.00308370516 0.004538071239 0.006147560455 0.007859486246 0.009625358322 0.01140101161 0.01314661658 0.01482660026 0.01640950807 0.01786783213 0.01917782672 0.02031932585 0.02127557338 0.02203307269 0.02258146025 0.02291340569 0.0230245397 0.02291341062 0.02258146991 0.02203308667 0.02127559109 0.02031934655 0.01917784955 0.01786785614 0.01640953231 0.01482662377 0.01314663849 0.0114010312 0.009625375016 0.007859499709 0.006147570595 0.004538078224 0.003083709404 0.001841080182 0.0008703378835 0.0002346902158 0
0 0.0001928532921 0.0007209969768 0.001533105216 0.00257788112 0.003805169219 0.005166954125 0.006618118941 0.008116941416 0.009625360127 0.01110906317 0.01253745282 0.01388353183 0.01512374682 0.01623781448 0.01720854801 0.01802169548 0.01866579707 0.01913206554 0.019414292 0.01950877822 0.01941429594 0.01913207324 0.01866580819 0.01802170954 0.01720856441 0.0162378325 0.0151237657 0.01388355077 0.01253747107 0.01110908003 0.009625375016 0.008116953908 0.0066181288 0.005166961326 0.003805173957 0.002577883788 0.001533106366 0.000720997238 0.0001928532435 0
0 0.0001513148004 0.0005730520242 0.001228186302 0.002076967081 0.003078911832 0.004194398692 0.005385787701 0.006618120055 0.007859489042 0.009081178942 0.01025765293 0.01136645136 0.0123880437 0.01330566321 0.01410514276 0.01477476319 0.01530512056 0.01568901584 0.01592136856 0.01599915508 0.01592137156 0.01568902171 0.01530512903 0.01477477387 0.01410515517 0.01330567679 0.01238805785 0.01136646546 0.01025766639 0.009081191224 0.007859499709 0.0066181288 0.005385794377 0.004194403326 0.003078914631 0.00207696841 0.001228186644 0.0005730519 0.0001513146469 0
0 0.0001113696653 0.0004309771281 0.0009352296659 0.001595090695 0.002379121038 0.003255686916 0.004194399303 0.00516695575 0.006147563541 0.007113091591 0.008043059034 0.008919534027 0.009726990242 0.01045215036 0.01108383387 0.0116128189 0.01203172302 0.01233490525 0.0125183902 0.01257981404 0.01251839237 0.01233490949 0.01203172912 0.01161282658 0.01108384275 0.01045216002 0.009727000236 0.008919543889 0.008043068323 0.007113099918 0.006147570595 0.005166961326 0.004194403326 0.003255689449 0.002379122283 0.001595090979 0.0009352293984 0.0004309767254 0.0001113694408 0
0 7.456638507e-05 0.0002999393216 0.0006642935308 0.001147967394 0.001727648079 0.002379121319 0.003078912648 0.003805170876 0.00453807407 0.005259954074 0.005955266295 0.006610482573 0.007213952858 0.007755761556 0.008227592387 0.008622608678 0.008935352051 0.009161660393 0.009298604938 0.00934444595 0.009298606397 0.009161663236 0.008935356134 0.008622613791 0.008227598271 0.007755767912 0.007213959364 0.006610488903 0.005955272145 0.005259959178 0.004538078224 0.003805173957 0.003078914631 0.002379122283 0.001727648212 0.00114796697 0.0006642928799 0.0002999387627 7.456612859e-05 0
0 4.273449375e-05 0.0001857615462 0.0004264119204 0.0007525847568 0.001147967486 0.001595091017 0.002076967815 0.00257788248 0.003083707377 0.003581967499 0.00406178244 0.00451375569 0.004929848345 0.005303256036 0.005628297855 0.005900320853 0.006115620987 0.006271380177 0.006365618632 0.006397161561 0.006365619516 0.006271381895 0.006115623446 0.005900323916 0.005628301352 0.005303259772 0.004929852112 0.00451375928 0.00406178566 0.003581970182 0.003083709404 0.002577883788 0.00207696841 0.001595090979 0.00114796697 0.0007525839767 0.0004264111231 0.00018576096 4.27342472e-05 0
0 1.79550893e-05 9.466161239e-05 0.0002330329365 0.0004264119292 0.0006642936044 0.0009352298934 0.001228186799 0.001533106115 0.001841079506 0.002144344685 0.002436207799 0.002710942072 0.002963685805 0.003190349617 0.003387536477 0.003552475149 0.003682966414 0.003777341014 0.003834428218 0.003853534079 0.003834428674 0.003777341898 0.003682967673 0.003552476704 0.003387538231 0.00319035146 0.002963687619 0.002710943741 0.002436209215 0.002144345761 0.001841080182 0.001533106366 0.001228186644 0.0009352293984 0.0006642928799 0.0004264111231 0.0002330322136 9.466111847e-05 1.795489204e-05 0
0 2.330219306e-06 3.2434981e-05 9.466160098e-05 0.000185761535 0.0002999393411 0.0004309772254 0.0005730522584 0.0007209974142 0.0008703378604 0.001017244037 0.00115846031 0.001291232611 0.00141324359 0.001522557623 0.001617575604 0.001696998576 0.00175979907 0.00180519912 0.001832654045 0.001841841343 0.001832654221 0.001805199461 0.001759799551 0.001696999161 0.001617576251 0.001522558281 0.001413244208 0.001291233139 0.001158460701 0.001017244256 0.0008703378835 0.000720997238 0.0005730519 0.0004309767254 0.0002999387627 0.00018576096 9.466111847e-05 3.243466647e-05 2.330099445e-06 0
0 -2.880748349e-06 2.330213522e-06 1.795507557e-05 4.273447638e-05 7.456637442e-05 0.0001113696764 0.000151314851 0.0001928534015 0.0002346903202 0.0002757456843 0.0003151190444 0.0003520597603 0.0003859432441 0.000416252246 0.0004425622435 0.000464530123 0.0004818855108 0.0004944242574 0.0005020037103 0.0005045395117 0.0005020037435 0.0004944243205 0.0004818855979 0.0004645302252 0.00044256235 0.0004162523447 0.0003859433222 0.0003520598056 0.0003151190463 0.000275745635 0.0002346902158 0.0001928532435 0.0001513146469 0.0001113694408 7.456612859e-05 4.27342472e-05 1.795489204e-05 2.330099445e-06 -2.880788129e-06 0
0 0 0 0 0 0 0 0 0 0 0 0 0 0 0 0 0 0 0 0 0 0 0 0 0 0 0 0 0 0 0 0 0 0 0 0 0 0 0 0 0
