0.003790943754 0.007567507159 0.01131536442 0.01502029862 0.01866825569 0.02224539767 0.02573815524 0.02913327917 0.03241789059 0.03557952985 0.03860620376 0.04148643112 0.04420928624 0.04676444039 0.049142201 0.05133354841 0.05333017009 0.05512449217 0.05670970816 0.05807980481 0.05922958486 0.06015468682 0.06085160144 0.06131768509 0.06155116976 0.06155116976 0.06131768509 0.06085160144 0.06015468682 0.05922958486 0.05807980481 0.05670970816 0.05512449217 0.05333017009 0.05133354841 0.049142201 0.04676444039 0.04420928624 0.04148643112 0.03860620376 0.03557952985 0.03241789059 0.02913327917 0.02573815524 0.02224539767 0.01866825569 0.01502029862 0.01131536442 0.007567507159 0.003790943754 
0.007567507159 0.01510630817 0.02258780578 0.02998362011 0.0372656963 0.04440641093 0.05137867684 0.05815604583 0.06471280902 0.07102409435 0.07706596097 0.08281549 0.08825087152 0.09335148724 0.09809798881 0.1024723711 0.1064580406 0.1100398783 0.113204297 0.115939293 0.1182344916 0.1200811863 0.1214723719 0.1224027712 0.1228688548 0.1228688548 0.1224027712 0.1214723719 0.1200811863 0.1182344916 0.115939293 0.113204297 0.1100398783 0.1064580406 0.1024723711 0.09809798881 0.09335148724 0.08825087152 0.08281549 0.07706596097 0.07102409435 0.06471280902 0.05815604583 0.05137867684 0.04440641093 0.0372656963 0.02998362011 0.02258780578 0.01510630817 0.007567507159 
0.01131536442 0.02258780578 0.03377456386 0.04483320346 0.05572177535 0.06639897546 0.07682430152 0.08695820669 0.09676224959 0.1061992401 0.1152333806 0.1238304014 0.131957691 0.1395844199 0.1466816573 0.153222481 0.1591820793 0.1645378454 0.1692694631 0.1733589838 0.1767908945 0.1795521767 0.1816323561 0.1830235417 0.1837204563 0.1837204563 0.1830235417 0.1816323561 0.1795521767 0.1767908945 0.1733589838 0.1692694631 0.1645378454 0.1591820793 0.153222481 0.1466816573 0.1395844199 0.131957691 0.1238304014 0.1152333806 0.1061992401 0.09676224959 0.08695820669 0.07682430152 0.06639897546 0.05572177535 0.04483320346 0.03377456386 0.02258780578 0.01131536442 
0.01502029862 0.02998362011 0.04483320346 0.0595127191 0.07396648262 0.08813966594 0.1019785053 0.1154305053 0.1284446378 0.1409715358 0.1529636805 0.1643755816 0.1751639498 0.1852878611 0.1947089121 0.2033913655 0.2113022858 0.2184116641 0.2246925322 0.2301210646 0.2346766689 0.2383420642 0.2411033465 0.2429500411 0.2438751431 0.2438751431 0.2429500411 0.2411033465 0.2383420642 0.2346766689 0.2301210646 0.2246925322 0.2184116641 0.2113022858 0.2033913655 0.1947089121 0.1852878611 0.1751639498 0.1643755816 0.1529636805 0.1409715358 0.1284446378 0.1154305053 0.1019785053 0.08813966594 0.07396648262 0.0595127191 0.04483320346 0.02998362011 0.01502029862 
0.01866825569 0.0372656963 0.05572177535 0.07396648262 0.09193060969 0.1095460125 0.1267458697 0.1434649364 0.1596397915 0.1752090782 0.1901137368 0.2042972289 0.2177057517 0.2302884419 0.2419975693 0.2527887169 0.2626209504 0.2714569726 0.2792632656 0.2860102173 0.2916722343 0.2962278386 0.2996597493 0.3019549479 0.303104728 0.303104728 0.3019549479 0.2996597493 0.2962278386 0.2916722343 0.2860102173 0.2792632656 0.2714569726 0.2626209504 0.2527887169 0.2419975693 0.2302884419 0.2177057517 0.2042972289 0.1901137368 0.1752090782 0.1596397915 0.1434649364 0.1267458697 0.1095460125 0.09193060969 0.07396648262 0.05572177535 0.0372656963 0.01866825569 
0.02224539767 0.04440641093 0.06639897546 0.08813966594 0.1095460125 0.1305368135 0.1510324436 0.1709551559 0.1902293768 0.2087819925 0.2265426266 0.2434439069 0.2594217211 0.2744154598 0.2883682468 0.3012271541 0.3129434037 0.3234725518 0.3327746577 0.3408144353 0.3475613871 0.3529899194 0.3570794401 0.3598144361 0.3611845328 0.3611845328 0.3598144361 0.3570794401 0.3529899194 0.3475613871 0.3408144353 0.3327746577 0.3234725518 0.3129434037 0.3012271541 0.2883682468 0.2744154598 0.2594217211 0.2434439069 0.2265426266 0.2087819925 0.1902293768 0.1709551559 0.1510324436 0.1305368135 0.1095460125 0.08813966594 0.06639897546 0.04440641093 0.02224539767 
0.02573815524 0.05137867684 0.07682430152 0.1019785053 0.1267458697 0.1510324436 0.1747460997 0.197796884 0.2200973569 0.2415629252 0.2621121626 0.2816671188 0.3001536151 0.3175015259 0.3336450447 0.3485229336 0.3620787556 0.3742610888 0.3850237216 0.3943258274 0.4021321204 0.4084129885 0.4131446062 0.4163090249 0.4178942409 0.4178942409 0.4163090249 0.4131446062 0.4084129885 0.4021321204 0.3943258274 0.3850237216 0.3742610888 0.3620787556 0.3485229336 0.3336450447 0.3175015259 0.3001536151 0.2816671188 0.2621121626 0.2415629252 0.2200973569 0.197796884 0.1747460997 0.1510324436 0.1267458697 0.1019785053 0.07682430152 0.05137867684 0.02573815524 
0.02913327917 0.05815604583 0.08695820669 0.1154305053 0.1434649364 0.1709551559 0.197796884 0.2238883007 0.2491304324 0.273427527 0.2966874174 0.3188218708 0.3397469236 0.3593832 0.3776562127 0.3944966462 0.4098406187 0.4236299253 0.4358122586 0.4463414066 0.4551774289 0.4622868072 0.4676425734 0.471224411 0.4730187331 0.4730187331 0.471224411 0.4676425734 0.4622868072 0.4551774289 0.4463414066 0.4358122586 0.4236299253 0.4098406187 0.3944966462 0.3776562127 0.3593832 0.3397469236 0.3188218708 0.2966874174 0.273427527 0.2491304324 0.2238883007 0.197796884 0.1709551559 0.1434649364 0.1154305053 0.08695820669 0.05815604583 0.02913327917 
0.03241789059 0.06471280902 0.09676224959 0.1284446378 0.1596397915 0.1902293768 0.2200973569 0.2491304324 0.2772184708 0.3042549246 0.3301372352 0.3547672222 0.3780514556 0.3999016104 0.4202348014 0.4389738978 0.4560478159 0.4713917884 0.4849476104 0.49666386 0.5064960935 0.5144070137 0.520366612 0.5243522815 0.5263489032 0.5263489032 0.5243522815 0.520366612 0.5144070137 0.5064960935 0.49666386 0.4849476104 0.4713917884 0.4560478159 0.4389738978 0.4202348014 0.3999016104 0.3780514556 0.3547672222 0.3301372352 0.3042549246 0.2772184708 0.2491304324 0.2200973569 0.1902293768 0.1596397915 0.1284446378 0.09676224959 0.06471280902 0.03241789059 
0.03557952985 0.07102409435 0.1061992401 0.1409715358 0.1752090782 0.2087819925 0.2415629252 0.273427527 0.3042549246 0.333928179 0.3623347294 0.3893668201 0.414921909 0.4389030571 0.4612192955 0.4817859711 0.5005250676 0.517365501 0.5322433899 0.5451022972 0.5558934449 0.5645758983 0.5711167219 0.5754911042 0.5776824516 0.5776824516 0.5754911042 0.5711167219 0.5645758983 0.5558934449 0.5451022972 0.5322433899 0.517365501 0.5005250676 0.4817859711 0.4612192955 0.4389030571 0.414921909 0.3893668201 0.3623347294 0.333928179 0.3042549246 0.273427527 0.2415629252 0.2087819925 0.1752090782 0.1409715358 0.1061992401 0.07102409435 0.03557952985 
0.03860620376 0.07706596097 0.1152333806 0.1529636805 0.1901137368 0.2265426266 0.2621121626 0.2966874174 0.3301372352 0.3623347294 0.3931577638 0.4224894162 0.4502184215 0.4762395941 0.5004542268 0.5227704653 0.5431036562 0.561376669 0.5775201878 0.5914729747 0.603182102 0.612603153 0.6197003904 0.624446892 0.6268246526 0.6268246526 0.624446892 0.6197003904 0.612603153 0.603182102 0.5914729747 0.5775201878 0.561376669 0.5431036562 0.5227704653 0.5004542268 0.4762395941 0.4502184215 0.4224894162 0.3931577638 0.3623347294 0.3301372352 0.2966874174 0.2621121626 0.2265426266 0.1901137368 0.1529636805 0.1152333806 0.07706596097 0.03860620376 
0.04148643112 0.08281549 0.1238304014 0.1643755816 0.2042972289 0.2434439069 0.2816671188 0.3188218708 0.3547672222 0.3893668201 0.4224894162 0.4540093653 0.4838071013 0.5117695913 0.5377907639 0.5617719119 0.5836220667 0.6032583431 0.6206062539 0.6355999926 0.6481826829 0.6583065942 0.6659333231 0.6710339388 0.673589093 0.673589093 0.6710339388 0.6659333231 0.6583065942 0.6481826829 0.6355999926 0.6206062539 0.6032583431 0.5836220667 0.5617719119 0.5377907639 0.5117695913 0.4838071013 0.4540093653 0.4224894162 0.3893668201 0.3547672222 0.3188218708 0.2816671188 0.2434439069 0.2042972289 0.1643755816 0.1238304014 0.08281549 0.04148643112 
0.04420928624 0.08825087152 0.131957691 0.1751639498 0.2177057517 0.2594217211 0.3001536151 0.3397469236 0.3780514556 0.414921909 0.4502184215 0.4838071013 0.515560535 0.545358271 0.5730872763 0.5986423653 0.6219265987 0.6428516516 0.6613381479 0.677315962 0.6907244848 0.701512853 0.7096401426 0.7150755241 0.7177983792 0.7177983792 0.7150755241 0.7096401426 0.701512853 0.6907244848 0.677315962 0.6613381479 0.6428516516 0.6219265987 0.5986423653 0.5730872763 0.545358271 0.515560535 0.4838071013 0.4502184215 0.414921909 0.3780514556 0.3397469236 0.3001536151 0.2594217211 0.2177057517 0.1751639498 0.131957691 0.08825087152 0.04420928624 
0.04676444039 0.09335148724 0.1395844199 0.1852878611 0.2302884419 0.2744154598 0.3175015259 0.3593832 0.3999016104 0.4389030571 0.4762395941 0.5117695913 0.545358271 0.5768782201 0.6062098725 0.6332419632 0.6578719502 0.6800064036 0.6995613597 0.71646264 0.7306461321 0.7420580332 0.750655054 0.756404583 0.7592848104 0.7592848104 0.756404583 0.750655054 0.7420580332 0.7306461321 0.71646264 0.6995613597 0.6800064036 0.6578719502 0.6332419632 0.6062098725 0.5768782201 0.545358271 0.5117695913 0.4762395941 0.4389030571 0.3999016104 0.3593832 0.3175015259 0.2744154598 0.2302884419 0.1852878611 0.1395844199 0.09335148724 0.04676444039 
0.049142201 0.09809798881 0.1466816573 0.1947089121 0.2419975693 0.2883682468 0.3336450447 0.3776562127 0.4202348014 0.4612192955 0.5004542268 0.5377907639 0.5730872763 0.6062098725 0.6370329069 0.6654394573 0.691321768 0.7145816583 0.7351308957 0.7528915298 0.7677961884 0.7797883331 0.7888224736 0.7948643402 0.7978910141 0.7978910141 0.7948643402 0.7888224736 0.7797883331 0.7677961884 0.7528915298 0.7351308957 0.7145816583 0.691321768 0.6654394573 0.6370329069 0.6062098725 0.5730872763 0.5377907639 0.5004542268 0.4612192955 0.4202348014 0.3776562127 0.3336450447 0.2883682468 0.2419975693 0.1947089121 0.1466816573 0.09809798881 0.049142201 
0.05133354841 0.1024723711 0.153222481 0.2033913655 0.2527887169 0.3012271541 0.3485229336 0.3944966462 0.4389738978 0.4817859711 0.5227704653 0.5617719119 0.5986423653 0.6332419632 0.6654394573 0.6951127117 0.7221491655 0.7464462601 0.7679118284 0.7864644441 0.8020337308 0.8145606288 0.8239976194 0.8303089047 0.833470544 0.833470544 0.8303089047 0.8239976194 0.8145606288 0.8020337308 0.7864644441 0.7679118284 0.7464462601 0.7221491655 0.6951127117 0.6654394573 0.6332419632 0.5986423653 0.5617719119 0.5227704653 0.4817859711 0.4389738978 0.3944966462 0.3485229336 0.3012271541 0.2527887169 0.2033913655 0.153222481 0.1024723711 0.05133354841 
0.05333017009 0.1064580406 0.1591820793 0.2113022858 0.2626209504 0.3129434037 0.3620787556 0.4098406187 0.4560478159 0.5005250676 0.5431036562 0.5836220667 0.6219265987 0.6578719502 0.691321768 0.7221491655 0.7502372039 0.7754793356 0.7977798086 0.8170540294 0.8332288845 0.8462430171 0.85604706 0.8626038231 0.8658884346 0.8658884346 0.8626038231 0.85604706 0.8462430171 0.8332288845 0.8170540294 0.7977798086 0.7754793356 0.7502372039 0.7221491655 0.691321768 0.6578719502 0.6219265987 0.5836220667 0.5431036562 0.5005250676 0.4560478159 0.4098406187 0.3620787556 0.3129434037 0.2626209504 0.2113022858 0.1591820793 0.1064580406 0.05333017009 
0.05512449217 0.1100398783 0.1645378454 0.2184116641 0.2714569726 0.3234725518 0.3742610888 0.4236299253 0.4713917884 0.517365501 0.561376669 0.6032583431 0.6428516516 0.6800064036 0.7145816583 0.7464462601 0.7754793356 0.8015707523 0.8246215366 0.8445442489 0.8612633157 0.8747153156 0.8848492208 0.8916265898 0.8950217137 0.8950217137 0.8916265898 0.8848492208 0.8747153156 0.8612633157 0.8445442489 0.8246215366 0.8015707523 0.7754793356 0.7464462601 0.7145816583 0.6800064036 0.6428516516 0.6032583431 0.561376669 0.517365501 0.4713917884 0.4236299253 0.3742610888 0.3234725518 0.2714569726 0.2184116641 0.1645378454 0.1100398783 0.05512449217 
0.05670970816 0.113204297 0.1692694631 0.2246925322 0.2792632656 0.3327746577 0.3850237216 0.4358122586 0.4849476104 0.5322433899 0.5775201878 0.6206062539 0.6613381479 0.6995613597 0.7351308957 0.7679118284 0.7977798086 0.8246215366 0.8483351927 0.8688308228 0.8860306801 0.8998695194 0.9102948455 0.9172671114 0.920759869 0.920759869 0.9172671114 0.9102948455 0.8998695194 0.8860306801 0.8688308228 0.8483351927 0.8246215366 0.7977798086 0.7679118284 0.7351308957 0.6995613597 0.6613381479 0.6206062539 0.5775201878 0.5322433899 0.4849476104 0.4358122586 0.3850237216 0.3327746577 0.2792632656 0.2246925322 0.1692694631 0.113204297 0.05670970816 
0.05807980481 0.115939293 0.1733589838 0.2301210646 0.2860102173 0.3408144353 0.3943258274 0.4463414066 0.49666386 0.5451022972 0.5914729747 0.6355999926 0.677315962 0.71646264 0.7528915298 0.7864644441 0.8170540294 0.8445442489 0.8688308228 0.8898216238 0.9074370266 0.9216102099 0.93228741 0.9394281247 0.9430052666 0.9430052666 0.9394281247 0.93228741 0.9216102099 0.9074370266 0.8898216238 0.8688308228 0.8445442489 0.8170540294 0.7864644441 0.7528915298 0.71646264 0.677315962 0.6355999926 0.5914729747 0.5451022972 0.49666386 0.4463414066 0.3943258274 0.3408144353 0.2860102173 0.2301210646 0.1733589838 0.115939293 0.05807980481 
0.05922958486 0.1182344916 0.1767908945 0.2346766689 0.2916722343 0.3475613871 0.4021321204 0.4551774289 0.5064960935 0.5558934449 0.603182102 0.6481826829 0.6907244848 0.7306461321 0.7677961884 0.8020337308 0.8332288845 0.8612633157 0.8860306801 0.9074370266 0.9254011537 0.9398549172 0.9507434891 0.9580255653 0.9616735223 0.9616735223 0.9580255653 0.9507434891 0.9398549172 0.9254011537 0.9074370266 0.8860306801 0.8612633157 0.8332288845 0.8020337308 0.7677961884 0.7306461321 0.6907244848 0.6481826829 0.603182102 0.5558934449 0.5064960935 0.4551774289 0.4021321204 0.3475613871 0.2916722343 0.2346766689 0.1767908945 0.1182344916 0.05922958486 
0.06015468682 0.1200811863 0.1795521767 0.2383420642 0.2962278386 0.3529899194 0.4084129885 0.4622868072 0.5144070137 0.5645758983 0.612603153 0.6583065942 0.701512853 0.7420580332 0.7797883331 0.8145606288 0.8462430171 0.8747153156 0.8998695194 0.9216102099 0.9398549172 0.9545344328 0.9655930724 0.9729888868 0.976693821 0.976693821 0.9729888868 0.9655930724 0.9545344328 0.9398549172 0.9216102099 0.8998695194 0.8747153156 0.8462430171 0.8145606288 0.7797883331 0.7420580332 0.701512853 0.6583065942 0.612603153 0.5645758983 0.5144070137 0.4622868072 0.4084129885 0.3529899194 0.2962278386 0.2383420642 0.1795521767 0.1200811863 0.06015468682 
0.06085160144 0.1214723719 0.1816323561 0.2411033465 0.2996597493 0.3570794401 0.4131446062 0.4676425734 0.520366612 0.5711167219 0.6197003904 0.6659333231 0.7096401426 0.750655054 0.7888224736 0.8239976194 0.85604706 0.8848492208 0.9102948455 0.93228741 0.9507434891 0.9655930724 0.9767798305 0.9842613281 0.9880091854 0.9880091854 0.9842613281 0.9767798305 0.9655930724 0.9507434891 0.93228741 0.9102948455 0.8848492208 0.85604706 0.8239976194 0.7888224736 0.750655054 0.7096401426 0.6659333231 0.6197003904 0.5711167219 0.520366612 0.4676425734 0.4131446062 0.3570794401 0.2996597493 0.2411033465 0.1816323561 0.1214723719 0.06085160144 
0.06131768509 0.1224027712 0.1830235417 0.2429500411 0.3019549479 0.3598144361 0.4163090249 0.471224411 0.5243522815 0.5754911042 0.624446892 0.6710339388 0.7150755241 0.756404583 0.7948643402 0.8303089047 0.8626038231 0.8916265898 0.9172671114 0.9394281247 0.9580255653 0.9729888868 0.9842613281 0.9918001291 0.9955766925 0.9955766925 0.9918001291 0.9842613281 0.9729888868 0.9580255653 0.9394281247 0.9172671114 0.8916265898 0.8626038231 0.8303089047 0.7948643402 0.756404583 0.7150755241 0.6710339388 0.624446892 0.5754911042 0.5243522815 0.471224411 0.4163090249 0.3598144361 0.3019549479 0.2429500411 0.1830235417 0.1224027712 0.06131768509 
0.06155116976 0.1228688548 0.1837204563 0.2438751431 0.303104728 0.3611845328 0.4178942409 0.4730187331 0.5263489032 0.5776824516 0.6268246526 0.673589093 0.7177983792 0.7592848104 0.7978910141 0.833470544 0.8658884346 0.8950217137 0.920759869 0.9430052666 0.9616735223 0.976693821 0.9880091854 0.9955766925 0.9993676363 0.9993676363 0.9955766925 0.9880091854 0.976693821 0.9616735223 0.9430052666 0.920759869 0.8950217137 0.8658884346 0.833470544 0.7978910141 0.7592848104 0.7177983792 0.673589093 0.6268246526 0.5776824516 0.5263489032 0.4730187331 0.4178942409 0.3611845328 0.303104728 0.2438751431 0.1837204563 0.1228688548 0.06155116976 
0.06155116976 0.1228688548 0.1837204563 0.2438751431 0.303104728 0.3611845328 0.4178942409 0.4730187331 0.5263489032 0.5776824516 0.6268246526 0.673589093 0.7177983792 0.7592848104 0.7978910141 0.833470544 0.8658884346 0.8950217137 0.920759869 0.9430052666 0.9616735223 0.976693821 0.9880091854 0.9955766925 0.9993676363 0.9993676363 0.9955766925 0.9880091854 0.976693821 0.9616735223 0.9430052666 0.920759869 0.8950217137 0.8658884346 0.833470544 0.7978910141 0.7592848104 0.7177983792 0.673589093 0.6268246526 0.5776824516 0.5263489032 0.4730187331 0.4178942409 0.3611845328 0.303104728 0.2438751431 0.1837204563 0.1228688548 0.06155116976 
0.06131768509 0.1224027712 0.1830235417 0.2429500411 0.3019549479 0.3598144361 0.4163090249 0.471224411 0.5243522815 0.5754911042 0.624446892 0.6710339388 0.7150755241 0.756404583 0.7948643402 0.8303089047 0.8626038231 0.8916265898 0.9172671114 0.9394281247 0.9580255653 0.9729888868 0.9842613281 0.9918001291 0.9955766925 0.9955766925 0.9918001291 0.9842613281 0.9729888868 0.9580255653 0.9394281247 0.9172671114 0.8916265898 0.8626038231 0.8303089047 0.7948643402 0.756404583 0.7150755241 0.6710339388 0.624446892 0.5754911042 0.5243522815 0.471224411 0.4163090249 0.3598144361 0.3019549479 0.2429500411 0.1830235417 0.1224027712 0.06131768509 
0.06085160144 0.1214723719 0.1816323561 0.2411033465 0.2996597493 0.3570794401 0.4131446062 0.4676425734 0.520366612 0.5711167219 0.6197003904 0.6659333231 0.7096401426 0.750655054 0.7888224736 0.8239976194 0.85604706 0.8848492208 0.9102948455 0.93228741 0.9507434891 0.9655930724 0.9767798305 0.9842613281 0.9880091854 0.9880091854 0.9842613281 0.9767798305 0.9655930724 0.9507434891 0.93228741 0.9102948455 0.8848492208 0.85604706 0.8239976194 0.7888224736 0.750655054 0.7096401426 0.6659333231 0.6197003904 0.5711167219 0.520366612 0.4676425734 0.4131446062 0.3570794401 0.2996597493 0.2411033465 0.1816323561 0.1214723719 0.06085160144 
0.06015468682 0.1200811863 0.1795521767 0.2383420642 0.2962278386 0.3529899194 0.4084129885 0.4622868072 0.5144070137 0.5645758983 0.612603153 0.6583065942 0.701512853 0.7420580332 0.7797883331 0.8145606288 0.8462430171 0.8747153156 0.8998695194 0.9216102099 0.9398549172 0.9545344328 0.9655930724 0.9729888868 0.976693821 0.976693821 0.9729888868 0.9655930724 0.9545344328 0.9398549172 0.9216102099 0.8998695194 0.8747153156 0.8462430171 0.8145606288 0.7797883331 0.7420580332 0.701512853 0.6583065942 0.612603153 0.5645758983 0.5144070137 0.4622868072 0.4084129885 0.3529899194 0.2962278386 0.2383420642 0.1795521767 0.1200811863 0.06015468682 
0.05922958486 0.1182344916 0.1767908945 0.2346766689 0.2916722343 0.3475613871 0.4021321204 0.4551774289 0.5064960935 0.5558934449 0.603182102 0.6481826829 0.6907244848 0.7306461321 0.7677961884 0.8020337308 0.8332288845 0.8612633157 0.8860306801 0.9074370266 0.9254011537 0.9398549172 0.9507434891 0.9580255653 0.9616735223 0.9616735223 0.9580255653 0.9507434891 0.9398549172 0.9254011537 0.9074370266 0.8860306801 0.8612633157 0.8332288845 0.8020337308 0.7677961884 0.7306461321 0.6907244848 0.6481826829 0.603182102 0.5558934449 0.5064960935 0.4551774289 0.4021321204 0.3475613871 0.2916722343 0.2346766689 0.1767908945 0.1182344916 0.05922958486 
0.05807980481 0.115939293 0.1733589838 0.2301210646 0.2860102173 0.3408144353 0.3943258274 0.4463414066 0.49666386 0.5451022972 0.5914729747 0.6355999926 0.677315962 0.71646264 0.7528915298 0.7864644441 0.8170540294 0.8445442489 0.8688308228 0.8898216238 0.9074370266 0.9216102099 0.93228741 0.9394281247 0.9430052666 0.9430052666 0.9394281247 0.93228741 0.9216102099 0.9074370266 0.8898216238 0.8688308228 0.8445442489 0.8170540294 0.7864644441 0.7528915298 0.71646264 0.677315962 0.6355999926 0.5914729747 0.5451022972 0.49666386 0.4463414066 0.3943258274 0.3408144353 0.2860102173 0.2301210646 0.1733589838 0.115939293 0.05807980481 
0.05670970816 0.113204297 0.1692694631 0.2246925322 0.2792632656 0.3327746577 0.3850237216 0.4358122586 0.4849476104 0.5322433899 0.5775201878 0.6206062539 0.6613381479 0.6995613597 0.7351308957 0.7679118284 0.7977798086 0.8246215366 0.8483351927 0.8688308228 0.8860306801 0.8998695194 0.9102948455 0.9172671114 0.920759869 0.920759869 0.9172671114 0.9102948455 0.8998695194 0.8860306801 0.8688308228 0.8483351927 0.8246215366 0.7977798086 0.7679118284 0.7351308957 0.6995613597 0.6613381479 0.6206062539 0.5775201878 0.5322433899 0.4849476104 0.4358122586 0.3850237216 0.3327746577 0.2792632656 0.2246925322 0.1692694631 0.113204297 0.05670970816 
0.05512449217 0.1100398783 0.1645378454 0.2184116641 0.2714569726 0.3234725518 0.3742610888 0.4236299253 0.4713917884 0.517365501 0.561376669 0.6032583431 0.6428516516 0.6800064036 0.7145816583 0.7464462601 0.7754793356 0.8015707523 0.8246215366 0.8445442489 0.8612633157 0.8747153156 0.8848492208 0.8916265898 0.8950217137 0.8950217137 0.8916265898 0.8848492208 0.8747153156 0.8612633157 0.8445442489 0.8246215366 0.8015707523 0.7754793356 0.7464462601 0.7145816583 0.6800064036 0.6428516516 0.6032583431 0.561376669 0.517365501 0.4713917884 0.4236299253 0.3742610888 0.3234725518 0.2714569726 0.2184116641 0.1645378454 0.1100398783 0.05512449217 
0.05333017009 0.1064580406 0.1591820793 0.2113022858 0.2626209504 0.3129434037 0.3620787556 0.4098406187 0.4560478159 0.5005250676 0.5431036562 0.5836220667 0.6219265987 0.6578719502 0.691321768 0.7221491655 0.7502372039 0.7754793356 0.7977798086 0.8170540294 0.8332288845 0.8462430171 0.85604706 0.8626038231 0.8658884346 0.8658884346 0.8626038231 0.85604706 0.8462430171 0.8332288845 0.8170540294 0.7977798086 0.7754793356 0.7502372039 0.7221491655 0.691321768 0.6578719502 0.6219265987 0.5836220667 0.5431036562 0.5005250676 0.4560478159 0.4098406187 0.3620787556 0.3129434037 0.2626209504 0.2113022858 0.1591820793 0.1064580406 0.05333017009 
0.05133354841 0.1024723711 0.153222481 0.2033913655 0.2527887169 0.3012271541 0.3485229336 0.3944966462 0.4389738978 0.4817859711 0.5227704653 0.5617719119 0.5986423653 0.6332419632 0.6654394573 0.6951127117 0.7221491655 0.7464462601 0.7679118284 0.7864644441 0.8020337308 0.8145606288 0.8239976194 0.8303089047 0.833470544 0.833470544 0.8303089047 0.8239976194 0.8145606288 0.8020337308 0.7864644441 0.7679118284 0.7464462601 0.7221491655 0.6951127117 0.6654394573 0.6332419632 0.5986423653 0.5617719119 0.5227704653 0.4817859711 0.4389738978 0.3944966462 0.3485229336 0.3012271541 0.2527887169 0.2033913655 0.153222481 0.1024723711 0.05133354841 
0.049142201 0.09809798881 0.1466816573 0.1947089121 0.2419975693 0.2883682468 0.3336450447 0.3776562127 0.4202348014 0.4612192955 0.5004542268 0.5377907639 0.5730872763 0.6062098725 0.6370329069 0.6654394573 0.691321768 0.7145816583 0.7351308957 0.7528915298 0.7677961884 0.7797883331 0.7888224736 0.7948643402 0.7978910141 0.7978910141 0.7948643402 0.7888224736 0.7797883331 0.7677961884 0.7528915298 0.7351308957 0.7145816583 0.691321768 0.6654394573 0.6370329069 0.6062098725 0.5730872763 0.5377907639 0.5004542268 0.4612192955 0.4202348014 0.3776562127 0.3336450447 0.2883682468 0.2419975693 0.1947089121 0.1466816573 0.09809798881 0.049142201 
0.04676444039 0.09335148724 0.1395844199 0.1852878611 0.2302884419 0.2744154598 0.3175015259 0.3593832 0.3999016104 0.4389030571 0.4762395941 0.5117695913 0.545358271 0.5768782201 0.6062098725 0.6332419632 0.6578719502 0.6800064036 0.6995613597 0.71646264 0.7306461321 0.7420580332 0.750655054 0.756404583 0.7592848104 0.7592848104 0.756404583 0.750655054 0.7420580332 0.7306461321 0.71646264 0.6995613597 0.6800064036 0.6578719502 0.6332419632 0.6062098725 0.5768782201 0.545358271 0.5117695913 0.4762395941 0.4389030571 0.3999016104 0.3593832 0.3175015259 0.2744154598 0.2302884419 0.1852878611 0.1395844199 0.09335148724 0.04676444039 
0.04420928624 0.08825087152 0.131957691 0.1751639498 0.2177057517 0.2594217211 0.3001536151 0.3397469236 0.3780514556 0.414921909 0.4502184215 0.4838071013 0.515560535 0.545358271 0.5730872763 0.5986423653 0.6219265987 0.6428516516 0.6613381479 0.677315962 0.6907244848 0.701512853 0.7096401426 0.7150755241 0.7177983792 0.7177983792 0.7150755241 0.7096401426 0.701512853 0.6907244848 0.677315962 0.6613381479 0.6428516516 0.6219265987 0.5986423653 0.5730872763 0.545358271 0.515560535 0.4838071013 0.4502184215 0.414921909 0.3780514556 0.3397469236 0.3001536151 0.2594217211 0.2177057517 0.1751639498 0.131957691 0.08825087152 0.04420928624 
0.04148643112 0.08281549 0.1238304014 0.1643755816 0.2042972289 0.2434439069 0.2816671188 0.3188218708 0.3547672222 0.3893668201 0.4224894162 0.4540093653 0.4838071013 0.5117695913 0.5377907639 0.5617719119 0.5836220667 0.6032583431 0.6206062539 0.6355999926 0.6481826829 0.6583065942 0.6659333231 0.6710339388 0.673589093 0.673589093 0.6710339388 0.6659333231 0.6583065942 0.6481826829 0.6355999926 0.6206062539 0.6032583431 0.5836220667 0.5617719119 0.5377907639 0.5117695913 0.4838071013 0.4540093653 0.4224894162 0.3893668201 0.3547672222 0.3188218708 0.2816671188 0.2434439069 0.2042972289 0.1643755816 0.1238304014 0.08281549 0.04148643112 
0.03860620376 0.07706596097 0.1152333806 0.1529636805 0.1901137368 0.2265426266 0.2621121626 0.2966874174 0.3301372352 0.3623347294 0.3931577638 0.4224894162 0.4502184215 0.4762395941 0.5004542268 0.5227704653 0.5431036562 0.561376669 0.5775201878 0.5914729747 0.603182102 0.612603153 0.6197003904 0.624446892 0.6268246526 0.6268246526 0.624446892 0.6197003904 0.612603153 0.603182102 0.5914729747 0.5775201878 0.561376669 0.5431036562 0.5227704653 0.5004542268 0.4762395941 0.4502184215 0.4224894162 0.3931577638 0.3623347294 0.3301372352 0.2966874174 0.2621121626 0.2265426266 0.1901137368 0.1529636805 0.1152333806 0.07706596097 0.03860620376 
0.03557952985 0.07102409435 0.1061992401 0.1409715358 0.1752090782 0.2087819925 0.2415629252 0.273427527 0.3042549246 0.333928179 0.3623347294 0.3893668201 0.414921909 0.4389030571 0.4612192955 0.4817859711 0.5005250676 0.517365501 0.5322433899 0.5451022972 0.5558934449 0.5645758983 0.5711167219 0.5754911042 0.5776824516 0.5776824516 0.5754911042 0.5711167219 0.5645758983 0.5558934449 0.5451022972 0.5322433899 0.517365501 0.5005250676 0.4817859711 0.4612192955 0.4389030571 0.414921909 0.3893668201 0.3623347294 0.333928179 0.3042549246 0.273427527 0.2415629252 0.2087819925 0.1752090782 0.1409715358 0.1061992401 0.07102409435 0.03557952985 
0.03241789059 0.06471280902 0.09676224959 0.1284446378 0.1596397915 0.1902293768 0.2200973569 0.2491304324 0.2772184708 0.3042549246 0.3301372352 0.3547672222 0.3780514556 0.3999016104 0.4202348014 0.4389738978 0.4560478159 0.4713917884 0.4849476104 0.49666386 0.5064960935 0.5144070137 0.520366612 0.5243522815 0.5263489032 0.5263489032 0.5243522815 0.520366612 0.5144070137 0.5064960935 0.49666386 0.4849476104 0.4713917884 0.4560478159 0.4389738978 0.4202348014 0.3999016104 0.3780514556 0.3547672222 0.3301372352 0.3042549246 0.2772184708 0.2491304324 0.2200973569 0.1902293768 0.1596397915 0.1284446378 0.09676224959 0.06471280902 0.03241789059 
0.02913327917 0.05815604583 0.08695820669 0.1154305053 0.1434649364 0.1709551559 0.197796884 0.2238883007 0.2491304324 0.273427527 0.2966874174 0.3188218708 0.3397469236 0.3593832 0.3776562127 0.3944966462 0.4098406187 0.4236299253 0.4358122586 0.4463414066 0.4551774289 0.4622868072 0.4676425734 0.471224411 0.4730187331 0.4730187331 0.471224411 0.4676425734 0.4622868072 0.4551774289 0.4463414066 0.4358122586 0.4236299253 0.4098406187 0.3944966462 0.3776562127 0.3593832 0.3397469236 0.3188218708 0.2966874174 0.273427527 0.2491304324 0.2238883007 0.197796884 0.1709551559 0.1434649364 0.1154305053 0.08695820669 0.05815604583 0.02913327917 
0.02573815524 0.05137867684 0.07682430152 0.1019785053 0.1267458697 0.1510324436 0.1747460997 0.197796884 0.2200973569 0.2415629252 0.2621121626 0.2816671188 0.3001536151 0.3175015259 0.3336450447 0.3485229336 0.3620787556 0.3742610888 0.3850237216 0.3943258274 0.4021321204 0.4084129885 0.4131446062 0.4163090249 0.4178942409 0.4178942409 0.4163090249 0.4131446062 0.4084129885 0.4021321204 0.3943258274 0.3850237216 0.3742610888 0.3620787556 0.3485229336 0.3336450447 0.3175015259 0.3001536151 0.2816671188 0.2621121626 0.2415629252 0.2200973569 0.197796884 0.1747460997 0.1510324436 0.1267458697 0.1019785053 0.07682430152 0.05137867684 0.02573815524 
0.02224539767 0.04440641093 0.06639897546 0.08813966594 0.1095460125 0.1305368135 0.1510324436 0.1709551559 0.1902293768 0.2087819925 0.2265426266 0.2434439069 0.2594217211 0.2744154598 0.2883682468 0.3012271541 0.3129434037 0.3234725518 0.3327746577 0.3408144353 0.3475613871 0.3529899194 0.3570794401 0.3598144361 0.3611845328 0.3611845328 0.3598144361 0.3570794401 0.3529899194 0.3475613871 0.3408144353 0.3327746577 0.3234725518 0.3129434037 0.3012271541 0.2883682468 0.2744154598 0.2594217211 0.2434439069 0.2265426266 0.2087819925 0.1902293768 0.1709551559 0.1510324436 0.1305368135 0.1095460125 0.08813966594 0.06639897546 0.04440641093 0.02224539767 
0.01866825569 0.0372656963 0.05572177535 0.07396648262 0.09193060969 0.1095460125 0.1267458697 0.1434649364 0.1596397915 0.1752090782 0.1901137368 0.2042972289 0.2177057517 0.2302884419 0.2419975693 0.2527887169 0.2626209504 0.2714569726 0.2792632656 0.2860102173 0.2916722343 0.2962278386 0.2996597493 0.3019549479 0.303104728 0.303104728 0.3019549479 0.2996597493 0.2962278386 0.2916722343 0.2860102173 0.2792632656 0.2714569726 0.2626209504 0.2527887169 0.2419975693 0.2302884419 0.2177057517 0.2042972289 0.1901137368 0.1752090782 0.1596397915 0.1434649364 0.1267458697 0.1095460125 0.09193060969 0.07396648262 0.05572177535 0.0372656963 0.01866825569 
0.01502029862 0.02998362011 0.04483320346 0.0595127191 0.07396648262 0.08813966594 0.1019785053 0.1154305053 0.1284446378 0.1409715358 0.1529636805 0.1643755816 0.1751639498 0.1852878611 0.1947089121 0.2033913655 0.2113022858 0.2184116641 0.2246925322 0.2301210646 0.2346766689 0.2383420642 0.2411033465 0.2429500411 0.2438751431 0.2438751431 0.2429500411 0.2411033465 0.2383420642 0.2346766689 0.2301210646 0.2246925322 0.2184116641 0.2113022858 0.2033913655 0.1947089121 0.1852878611 0.1751639498 0.1643755816 0.1529636805 0.1409715358 0.1284446378 0.1154305053 0.1019785053 0.08813966594 0.07396648262 0.0595127191 0.04483320346 0.02998362011 0.01502029862 
0.01131536442 0.02258780578 0.03377456386 0.04483320346 0.05572177535 0.06639897546 0.07682430152 0.08695820669 0.09676224959 0.1061992401 0.1152333806 0.1238304014 0.131957691 0.1395844199 0.1466816573 0.153222481 0.1591820793 0.1645378454 0.1692694631 0.1733589838 0.1767908945 0.1795521767 0.1816323561 0.1830235417 0.1837204563 0.1837204563 0.1830235417 0.1816323561 0.1795521767 0.1767908945 0.1733589838 0.1692694631 0.1645378454 0.1591820793 0.153222481 0.1466816573 0.1395844199 0.131957691 0.1238304014 0.1152333806 0.1061992401 0.09676224959 0.08695820669 0.07682430152 0.06639897546 0.05572177535 0.04483320346 0.03377456386 0.02258780578 0.01131536442 
0.007567507159 0.01510630817 0.02258780578 0.02998362011 0.0372656963 0.04440641093 0.05137867684 0.05815604583 0.06471280902 0.07102409435 0.07706596097 0.08281549 0.08825087152 0.09335148724 0.09809798881 0.1024723711 0.1064580406 0.1100398783 0.113204297 0.115939293 0.1182344916 0.1200811863 0.1214723719 0.1224027712 0.1228688548 0.1228688548 0.1224027712 0.1214723719 0.1200811863 0.1182344916 0.115939293 0.113204297 0.1100398783 0.1064580406 0.1024723711 0.09809798881 0.09335148724 0.08825087152 0.08281549 0.07706596097 0.07102409435 0.06471280902 0.05815604583 0.05137867684 0.04440641093 0.0372656963 0.02998362011 0.02258780578 0.01510630817 0.007567507159 
0.003790943754 0.007567507159 0.01131536442 0.01502029862 0.01866825569 0.02224539767 0.02573815524 0.02913327917 0.03241789059 0.03557952985 0.03860620376 0.04148643112 0.04420928624 0.04676444039 0.049142201 0.05133354841 0.05333017009 0.05512449217 0.05670970816 0.05807980481 0.05922958486 0.06015468682 0.06085160144 0.06131768509 0.06155116976 0.06155116976 0.06131768509 0.06085160144 0.06015468682 0.05922958486 0.05807980481 0.05670970816 0.05512449217 0.05333017009 0.05133354841 0.049142201 0.04676444039 0.04420928624 0.04148643112 0.03860620376 0.03557952985 0.03241789059 0.02913327917 0.02573815524 0.02224539767 0.01866825569 0.01502029862 0.01131536442 0.007567507159 0.003790943754 
